[
    {
        "main/accuracy": 0.22520000219345093,
        "main/loss": 1.5907309722900391,
        "validation/main/loss": 1.5700673103332519,
        "elapsed_time": 25.15286308899522,
        "validation/main/accuracy": 0.26000000201165674,
        "iteration": 25,
        "epoch": 1
    },
    {
        "main/accuracy": 0.28719999969005583,
        "main/loss": 1.5595547246932984,
        "validation/main/loss": 1.5514016628265381,
        "elapsed_time": 50.21847104374319,
        "validation/main/accuracy": 0.24799999520182608,
        "iteration": 50,
        "epoch": 2
    }
]